==================
test 1:
student:
1
2
3
4
5
6
7
8
9
5
3
2
1
4
7
6
9
8
1
2
4
3
6
8
9
7
5

grader:
1
2
3
4
5
6
7
8
9
5
3
2
1
4
7
6
9
8
1
2
4
3
6
8
9
7
5

==================
test 2:
student:
2
4
6
8
9
11
12
14
15
17
21
30
40
8
4
2
6
15
9
11
12
14
40
30
17
21
2
6
4
14
12
11
9
21
17
30
40
15
8

grader:
2
4
6
8
9
11
12
14
15
17
21
30
40
8
4
2
6
15
9
11
12
14
40
30
17
21
2
6
4
14
12
11
9
21
17
30
40
15
8

==================
test 3:
student:
1
3
4
5
8
9
2
1
11
9
5
5
1
2
9
11

grader:
1
3
4
5
8
9
2
1
11
9
5
5
1
2
9
11

==================
test 4:
student:
15
7
5
3
1
4
8
11
9
14
7
5
3
1
8
11
9
14
7
5
3
1
2
6
11
9
14

grader:
15
7
5
3
1
4
8
11
9
14
7
5
3
1
8
11
9
14
7
5
3
1
2
6
11
9
14

==================
test 5:
student:
15
7
5
8
11
9
7
5
3
1
4
8
11
9
14
7
5
3
1
2
4
6
11
9
14

grader:
15
7
5
8
11
9
7
5
3
1
4
8
11
9
14
7
5
3
1
2
4
6
11
9
14

